COCOMO_II
0.03339552409007703 0.03352127981415537 0.036350735488935415 0.0773874206773497 0.09511584678693782 0.10565515676646177 0.1196559790510911 0.12979142949388503 0.1307978936213432 0.14343823612259632 0.14452528457145278 0.23012375101256927 0.25031504086418266 0.2712163778219253 0.28193170600685463 0.2994813684822029 0.3075609340434312 0.3304884561432179 0.33194647093341634 0.34151742519442363 0.3810445802072345 0.38484363406055877 0.4063857689903331 0.4245930150846947 0.4312820390589421 0.4534106344495589 0.4552357516167451 0.456672189163751 0.4596790052807354 0.4607863677565316 0.4924888365320767 0.4938678659419974 0.5321499931920965 0.538894997260895 0.5485864065029703 0.5497634876803144 0.5582228757746526 0.5599706779612706 0.5989515414178822 0.6143775621979389 0.6338894531254918 0.6373418481524105 0.6436744127072452 0.6552590325962415 0.6606027361402805 0.676710194350053 0.6873361093050869 0.6908297680957979 0.7034630874057293 0.7049955375299124 0.7280266788966698 0.7352529628556331 0.7386392675795933 0.7475755885600037 0.7488975431462832 0.7489919330418573 0.7565014425679185 0.8017112813111948 0.8143309811515487 0.8361124179549335 0.8393681331803562 0.8405749310936469 1.0408422793456553 

COCOMO_II
0.1047453568044825 0.13502311726873767 0.14919928156315504 0.17531615193443612 0.17787489579205787 0.18967383839011523 0.2510263402238519 0.2522157943915354 0.25525874711177154 0.2756612494768154 0.3230514452359627 0.34971608075206384 0.3514982707570964 0.3698796921108618 0.4080503293479705 0.4184562789668404 0.4200559595458159 0.4212942424293605 0.4659182124954995 0.46954311709244206 0.4809990982528582 0.49155395290730697 0.4915909218387107 0.5080187475275809 0.5097558041784622 0.5131685600812014 0.5131824482109967 0.515988114556102 0.5247486216140184 0.5317746623057217 0.5322260554493448 0.54195674344285 0.5589965891509746 0.5592995314212721 0.5648605509951786 0.5671750062636394 0.5755822031373462 0.5761502404431975 0.5838665563801243 0.5895951519082546 0.5921563303079432 0.5946552808214572 0.5950123788471932 0.5985028789108199 0.6005653470922688 0.603113220232361 0.6070489832114553 0.6101458882992534 0.6103757883056102 0.6163735619563009 0.6178153701596624 0.6212059609135562 0.6230857836529651 0.6291134119231495 0.6549171861679589 0.6605719742329247 0.6612720015240194 0.6637610388395672 0.6642006427835122 0.6658579789213055 0.6715572320246851 0.6773763931797244 0.6818403924466809 0.6845594267628284 0.6907371702072417 0.6967183180811667 0.7005503885124567 0.7012139843235142 0.7051152687686435 0.7110484717937322 0.7191357100345579 0.7206301590281333 0.7249205492550126 0.7261255350676953 0.7350975331473093 0.750373210515163 0.7606958235702963 0.7749622697198236 0.7929653779961074 0.794264457913223 0.7947329635943297 0.7967289802330303 0.7979466873510374 0.7987153010150062 0.8110096271341598 0.8337149081761976 0.8577112376775219 0.8584036242537489 0.8607743043236293 0.8688382511002078 0.9053329012597665 2.7380519807656984 3.5656630526856663 

COCOMO_II
0.1047453568044825 0.17531615193443612 0.17787489579205787 0.18967383839011523 0.2522157943915354 0.3230514452359627 0.3514982707570964 0.3698796921108618 0.4080503293479705 0.4184562789668404 0.4659182124954995 0.46954311709244206 0.4809990982528582 0.49155395290730697 0.5097558041784622 0.5131824482109967 0.5247486216140184 0.5317746623057217 0.5322260554493448 0.54195674344285 0.5589965891509746 0.5592995314212721 0.5648605509951786 0.5671750062636394 0.5755822031373462 0.5838665563801243 0.5895951519082546 0.5921563303079432 0.5937141709459017 0.5946552808214572 0.5950123788471932 0.5985028789108199 0.6005653470922688 0.603113220232361 0.6070489832114553 0.6101458882992534 0.6103757883056102 0.6163735619563009 0.6178153701596624 0.6212059609135562 0.6230857836529651 0.6434126128406376 0.6605719742329247 0.6612720015240194 0.6637610388395672 0.6642006427835122 0.6658579789213055 0.6715572320246851 0.6818403924466809 0.6948606746044784 0.7012139843235142 0.7051152687686435 0.7261255350676953 0.750373210515163 0.7606958235702963 0.762695696592898 0.7749622697198236 0.7929653779961074 0.7979466873510374 0.8631355663654342 

COCOMO_II
0.03339552409007703 0.03352127981415537 0.036350735488935415 0.0773874206773497 0.09511584678693782 0.10565515676646177 0.1196559790510911 0.12979142949388503 0.1307978936213432 0.14343823612259632 0.14452528457145278 0.23012375101256927 0.25031504086418266 0.2712163778219253 0.28193170600685463 0.2994813684822029 0.3075609340434312 0.3304884561432179 0.33194647093341634 0.34151742519442363 0.3810445802072345 0.38484363406055877 0.4063857689903331 0.4245930150846947 0.4312820390589421 0.4534106344495589 0.4552357516167451 0.456672189163751 0.4596790052807354 0.4607863677565316 0.4924888365320767 0.4938678659419974 0.5321499931920965 0.538894997260895 0.5485864065029703 0.5497634876803144 0.5582228757746526 0.5599706779612706 0.5989515414178822 0.6143775621979389 0.6338894531254918 0.6373418481524105 0.6436744127072452 0.6552590325962415 0.6606027361402805 0.676710194350053 0.6873361093050869 0.6908297680957979 0.7034630874057293 0.7049955375299124 0.7280266788966698 0.7352529628556331 0.7386392675795933 0.7475755885600037 0.7488975431462832 0.7489919330418573 0.7565014425679185 0.8017112813111948 0.8143309811515487 0.8361124179549335 0.8393681331803562 0.8405749310936469 1.0408422793456553 